Year,Month,Day,Hour,Minute,Second,HYY_META.maaPAR
2024,07,18,00,00,00,0.46853
2024,07,18,01,00,00,0.47332
2024,07,18,02,00,00,0.5943
2024,07,18,03,00,00,2.03146
2024,07,18,04,00,00,13.78355
2024,07,18,05,00,00,27.28083
2024,07,18,06,00,00,50.67171
2024,07,18,07,00,00,105.01964
2024,07,18,08,00,00,114.19413
2024,07,18,09,00,00,141.98434
2024,07,18,10,00,00,187.07006
2024,07,18,11,00,00,301.68703
2024,07,18,12,00,00,278.43639
2024,07,18,13,00,00,314.25702
2024,07,18,14,00,00,226.29913
2024,07,18,15,00,00,68.25037
2024,07,18,16,00,00,183.56215
2024,07,18,17,00,00,65.34074
2024,07,18,18,00,00,51.25313
2024,07,18,19,00,00,35.54183
2024,07,18,20,00,00,10.59041
2024,07,18,21,00,00,3.21305
2024,07,18,22,00,00,0.7277
2024,07,18,23,00,00,0.51622
2024,07,19,00,00,00,0.55554
2024,07,19,01,00,00,0.71755
2024,07,19,02,00,00,0.97928
2024,07,19,03,00,00,3.40254
2024,07,19,04,00,00,14.72116
2024,07,19,05,00,00,26.3278
2024,07,19,06,00,00,48.07654
2024,07,19,07,00,00,73.18584
2024,07,19,08,00,00,191.68428
2024,07,19,09,00,00,240.15042
2024,07,19,10,00,00,215.26425
2024,07,19,11,00,00,145.38826
2024,07,19,12,00,00,337.34905
2024,07,19,13,00,00,345.86951
2024,07,19,14,00,00,161.22494
2024,07,19,15,00,00,159.19506
2024,07,19,16,00,00,161.49658
2024,07,19,17,00,00,107.01161
2024,07,19,18,00,00,54.26926
2024,07,19,19,00,00,53.83177
2024,07,19,20,00,00,23.07527
2024,07,19,21,00,00,5.42527
2024,07,19,22,00,00,0.63066
2024,07,19,23,00,00,0.44688
2024,07,20,00,00,00,0.46038
2024,07,20,01,00,00,0.45206
2024,07,20,02,00,00,0.60996
2024,07,20,03,00,00,3.20636
2024,07,20,04,00,00,11.56103
2024,07,20,05,00,00,32.9565
2024,07,20,06,00,00,63.7913
2024,07,20,07,00,00,137.24528
2024,07,20,08,00,00,246.56178
2024,07,20,09,00,00,347.49322
2024,07,20,10,00,00,355.74
2024,07,20,11,00,00,425.27649
2024,07,20,12,00,00,323.42933
2024,07,20,13,00,00,327.74653
2024,07,20,14,00,00,227.36839
2024,07,20,15,00,00,218.10693
2024,07,20,16,00,00,105.48835
2024,07,20,17,00,00,21.61702
2024,07,20,18,00,00,66.11167
2024,07,20,19,00,00,62.76135
2024,07,20,20,00,00,17.33205
2024,07,20,21,00,00,4.11292
2024,07,20,22,00,00,0.64519
2024,07,20,23,00,00,0.52524
2024,07,21,00,00,00,0.50719
2024,07,21,01,00,00,0.50848
2024,07,21,02,00,00,0.89845
2024,07,21,03,00,00,4.35385
2024,07,21,04,00,00,15.78485
2024,07,21,05,00,00,30.01652
2024,07,21,06,00,00,52.3365
2024,07,21,07,00,00,74.73574
2024,07,21,08,00,00,123.93445
2024,07,21,09,00,00,165.03441
2024,07,21,10,00,00,145.82171
2024,07,21,11,00,00,175.67974
2024,07,21,12,00,00,211.00075
2024,07,21,13,00,00,245.29802
2024,07,21,14,00,00,282.63274
2024,07,21,15,00,00,212.19066
2024,07,21,16,00,00,138.85923
2024,07,21,17,00,00,101.25117
2024,07,21,18,00,00,71.19155
2024,07,21,19,00,00,48.09726
2024,07,21,20,00,00,14.41384
2024,07,21,21,00,00,4.3452
2024,07,21,22,00,00,0.72075
2024,07,21,23,00,00,0.62094
2024,07,22,00,00,00,0.63739
2024,07,22,01,00,00,0.58387
2024,07,22,02,00,00,0.88922
2024,07,22,03,00,00,4.54085
2024,07,22,04,00,00,18.18018
2024,07,22,05,00,00,44.05454
2024,07,22,06,00,00,124.46767
2024,07,22,07,00,00,178.44955
2024,07,22,08,00,00,532.95116
2024,07,22,09,00,00,420.12163
2024,07,22,10,00,00,309.87352
2024,07,22,11,00,00,297.52002
2024,07,22,12,00,00,463.73747
2024,07,22,13,00,00,324.5573
2024,07,22,14,00,00,341.73108
2024,07,22,15,00,00,210.09531
2024,07,22,16,00,00,112.36937
2024,07,22,17,00,00,116.06893
2024,07,22,18,00,00,70.50786
2024,07,22,19,00,00,33.53764
2024,07,22,20,00,00,14.87112
2024,07,22,21,00,00,3.56331
2024,07,22,22,00,00,0.63599
2024,07,22,23,00,00,0.51563
