Year,Month,Day,Hour,Minute,Second,HYY_META.diffPAR
2024,07,18,00,00,00,0
2024,07,18,01,00,00,0
2024,07,18,02,00,00,0
2024,07,18,03,00,00,2.96008
2024,07,18,04,00,00,39.29378
2024,07,18,05,00,00,81.59464
2024,07,18,06,00,00,152.10305
2024,07,18,07,00,00,312.86314
2024,07,18,08,00,00,339.36278
2024,07,18,09,00,00,413.4625
2024,07,18,10,00,00,477.72269
2024,07,18,11,00,00,458.40919
2024,07,18,12,00,00,449.46608
2024,07,18,13,00,00,538.90755
2024,07,18,14,00,00,340.62111
2024,07,18,15,00,00,212.30472
2024,07,18,16,00,00,566.40245
2024,07,18,17,00,00,201.20592
2024,07,18,18,00,00,159.39253
2024,07,18,19,00,00,113.04547
2024,07,18,20,00,00,28.98069
2024,07,18,21,00,00,6.05914
2024,07,18,22,00,00,0
2024,07,18,23,00,00,0
2024,07,19,00,00,00,0
2024,07,19,01,00,00,0
2024,07,19,02,00,00,0
2024,07,19,03,00,00,6.41864
2024,07,19,04,00,00,42.68464
2024,07,19,05,00,00,80.537
2024,07,19,06,00,00,150.00833
2024,07,19,07,00,00,228.64727
2024,07,19,08,00,00,432.50403
2024,07,19,09,00,00,549.34973
2024,07,19,10,00,00,411.90861
2024,07,19,11,00,00,407.96014
2024,07,19,12,00,00,706.50258
2024,07,19,13,00,00,775.59745
2024,07,19,14,00,00,476.67978
2024,07,19,15,00,00,473.28689
2024,07,19,16,00,00,465.48267
2024,07,19,17,00,00,316.86277
2024,07,19,18,00,00,165.53458
2024,07,19,19,00,00,174.3612
2024,07,19,20,00,00,72.86174
2024,07,19,21,00,00,14.88669
2024,07,19,22,00,00,0
2024,07,19,23,00,00,0
2024,07,20,00,00,00,0
2024,07,20,01,00,00,0
2024,07,20,02,00,00,0
2024,07,20,03,00,00,6.76733
2024,07,20,04,00,00,34.94378
2024,07,20,05,00,00,101.57219
2024,07,20,06,00,00,199.72597
2024,07,20,07,00,00,398.27681
2024,07,20,08,00,00,483.30714
2024,07,20,09,00,00,625.80814
2024,07,20,10,00,00,675.67503
2024,07,20,11,00,00,551.94236
2024,07,20,12,00,00,546.091
2024,07,20,13,00,00,607.4037
2024,07,20,14,00,00,609.42495
2024,07,20,15,00,00,554.74899
2024,07,20,16,00,00,322.37233
2024,07,20,17,00,00,71.11247
2024,07,20,18,00,00,190.69653
2024,07,20,19,00,00,201.21526
2024,07,20,20,00,00,57.37253
2024,07,20,21,00,00,10.50361
2024,07,20,22,00,00,0
2024,07,20,23,00,00,0
2024,07,21,00,00,00,0
2024,07,21,01,00,00,0
2024,07,21,02,00,00,0.00794
2024,07,21,03,00,00,12.48131
2024,07,21,04,00,00,53.55797
2024,07,21,05,00,00,91.64056
2024,07,21,06,00,00,162.35428
2024,07,21,07,00,00,226.24966
2024,07,21,08,00,00,381.61486
2024,07,21,09,00,00,481.56755
2024,07,21,10,00,00,438.32914
2024,07,21,11,00,00,525.51295
2024,07,21,12,00,00,621.8072
2024,07,21,13,00,00,592.07888
2024,07,21,14,00,00,444.1802
2024,07,21,15,00,00,422.06025
2024,07,21,16,00,00,388.29167
2024,07,21,17,00,00,331.93703
2024,07,21,18,00,00,226.26939
2024,07,21,19,00,00,169.3912
2024,07,21,20,00,00,58.27864
2024,07,21,21,00,00,11.50719
2024,07,21,22,00,00,0
2024,07,21,23,00,00,0
2024,07,22,00,00,00,0
2024,07,22,01,00,00,0
2024,07,22,02,00,00,0.00036
2024,07,22,03,00,00,12.26456
2024,07,22,04,00,00,67.32545
2024,07,22,05,00,00,140.31877
2024,07,22,06,00,00,195.22738
2024,07,22,07,00,00,221.33
2024,07,22,08,00,00,260.56625
2024,07,22,09,00,00,317.44083
2024,07,22,10,00,00,504.17178
2024,07,22,11,00,00,437.41264
2024,07,22,12,00,00,396.29575
2024,07,22,13,00,00,384.89411
2024,07,22,14,00,00,398.5355
2024,07,22,15,00,00,285.54414
2024,07,22,16,00,00,239.5868
2024,07,22,17,00,00,196.73236
2024,07,22,18,00,00,159.65075
2024,07,22,19,00,00,126.02649
2024,07,22,20,00,00,60.63706
2024,07,22,21,00,00,9.84122
2024,07,22,22,00,00,0
2024,07,22,23,00,00,0

