Year,Month,Day,Hour,Minute,Second,HYY_META.CO2icos672
2024,07,18,00,00,00,433.6552
2024,07,18,01,00,00,434.7542
2024,07,18,02,00,00,434.3408
2024,07,18,03,00,00,431.9321
2024,07,18,04,00,00,431.7138
2024,07,18,05,00,00,431.9938
2024,07,18,06,00,00,430.19455
2024,07,18,07,00,00,423.05695
2024,07,18,08,00,00,420.1057
2024,07,18,09,00,00,418.75045
2024,07,18,10,00,00,416.64835
2024,07,18,11,00,00,414.8824
2024,07,18,12,00,00,414.89955
2024,07,18,13,00,00,413.52175
2024,07,18,14,00,00,413.45805
2024,07,18,15,00,00,414.24365
2024,07,18,16,00,00,412.5017
2024,07,18,17,00,00,411.1203
2024,07,18,18,00,00,415.43385
2024,07,18,19,00,00,416.59005
2024,07,18,20,00,00,417.6116
2024,07,18,21,00,00,421.3156
2024,07,18,22,00,00,422.48305
2024,07,18,23,00,00,425.26985
2024,07,19,00,00,00,425.8408
2024,07,19,01,00,00,430.312
2024,07,19,02,00,00,439.8244
2024,07,19,03,00,00,445.04765
2024,07,19,04,00,00,443.85855
2024,07,19,05,00,00,437.3787
2024,07,19,06,00,00,436.54225
2024,07,19,07,00,00,433.213
2024,07,19,08,00,00,427.1021
2024,07,19,09,00,00,423.62325
2024,07,19,10,00,00,423.7032
2024,07,19,11,00,00,419.4375
2024,07,19,12,00,00,411.8333
2024,07,19,13,00,00,411.5983
2024,07,19,14,00,00,413.42815
2024,07,19,15,00,00,412.26045
2024,07,19,16,00,00,414.7683
2024,07,19,17,00,00,415.4313
2024,07,19,18,00,00,416.6995
2024,07,19,19,00,00,416.95615
2024,07,19,20,00,00,417.74215
2024,07,19,21,00,00,419.68145
2024,07,19,22,00,00,421.9443
2024,07,19,23,00,00,424.40135
2024,07,20,00,00,00,428.3486
2024,07,20,01,00,00,430.2119
2024,07,20,02,00,00,434.9023
2024,07,20,03,00,00,441.1253
2024,07,20,04,00,00,443.3993
2024,07,20,05,00,00,443.67815
2024,07,20,06,00,00,436.06875
2024,07,20,07,00,00,429.6312
2024,07,20,08,00,00,424.2603
2024,07,20,09,00,00,420.79385
2024,07,20,10,00,00,416.8126
2024,07,20,11,00,00,415.12415
2024,07,20,12,00,00,414.1906
2024,07,20,13,00,00,415.52565
2024,07,20,14,00,00,416.472
2024,07,20,15,00,00,415.4999
2024,07,20,16,00,00,416.3175
2024,07,20,17,00,00,416.01345
2024,07,20,18,00,00,417.6277
2024,07,20,19,00,00,414.4075
2024,07,20,20,00,00,412.50175
2024,07,20,21,00,00,416.1508
2024,07,20,22,00,00,417.55445
2024,07,20,23,00,00,421.73905
2024,07,21,00,00,00,424.4554
2024,07,21,01,00,00,425.11995
2024,07,21,02,00,00,428.76395
2024,07,21,03,00,00,427.29205
2024,07,21,04,00,00,427.353
2024,07,21,05,00,00,430.6278
2024,07,21,06,00,00,432.6697
2024,07,21,07,00,00,428.45275
2024,07,21,08,00,00,422.4884
2024,07,21,09,00,00,418.1822
2024,07,21,10,00,00,414.99325
2024,07,21,11,00,00,413.45485
2024,07,21,12,00,00,411.1223
2024,07,21,13,00,00,409.12995
2024,07,21,14,00,00,406.77885
2024,07,21,15,00,00,404.71465
2024,07,21,16,00,00,402.4499
2024,07,21,17,00,00,401.2629
2024,07,21,18,00,00,400.3073
2024,07,21,19,00,00,400.17485
2024,07,21,20,00,00,399.9166
2024,07,21,21,00,00,400.0233
2024,07,21,22,00,00,403.3539
2024,07,21,23,00,00,402.82085
2024,07,22,00,00,00,404.0725
2024,07,22,01,00,00,404.954
2024,07,22,02,00,00,406.75915
2024,07,22,03,00,00,402.15115
2024,07,22,04,00,00,403.7219
2024,07,22,05,00,00,405.9732
2024,07,22,06,00,00,415.15205
2024,07,22,07,00,00,425.6877
2024,07,22,08,00,00,416.7164
2024,07,22,09,00,00,410.3289
2024,07,22,10,00,00,405.53555
2024,07,22,11,00,00,403.9262
2024,07,22,12,00,00,404.5509
2024,07,22,13,00,00,405.30985
2024,07,22,14,00,00,405.5069
2024,07,22,15,00,00,406.1406
2024,07,22,16,00,00,406.7027
2024,07,22,17,00,00,406.52785
2024,07,22,18,00,00,406.8402
2024,07,22,19,00,00,407.2594
2024,07,22,20,00,00,408.75835
2024,07,22,21,00,00,409.11155
2024,07,22,22,00,00,409.2959
2024,07,22,23,00,00,412.00405
