Year,Month,Day,Hour,Minute,Second,HYY_META.CO2icos672
2024,06,21,00,00,00,422.0241
2024,06,21,01,00,00,424.8318
2024,06,21,02,00,00,426.1494
2024,06,21,03,00,00,430.01685
2024,06,21,04,00,00,431.55925
2024,06,21,05,00,00,430.54095
2024,06,21,06,00,00,427.853
2024,06,21,07,00,00,425.08925
2024,06,21,08,00,00,423.4488
2024,06,21,09,00,00,422.3865
2024,06,21,10,00,00,421.6195
2024,06,21,11,00,00,421.0805
2024,06,21,12,00,00,420.95295
2024,06,21,13,00,00,420.75005
2024,06,21,14,00,00,420.36795
2024,06,21,15,00,00,420.2534
2024,06,21,16,00,00,419.7607
2024,06,21,17,00,00,419.28815
2024,06,21,18,00,00,418.9363
2024,06,21,19,00,00,418.6564
2024,06,21,20,00,00,418.7981
2024,06,21,21,00,00,419.0021
2024,06,21,22,00,00,420.6247
2024,06,21,23,00,00,421.67995
2024,06,22,00,00,00,423.2092
2024,06,22,01,00,00,424.63495
2024,06,22,02,00,00,424.3272
2024,06,22,03,00,00,424.87585
2024,06,22,04,00,00,426.09915
2024,06,22,05,00,00,426.5032
2024,06,22,06,00,00,423.83275
2024,06,22,07,00,00,419.75035
2024,06,22,08,00,00,416.746
2024,06,22,09,00,00,416.10995
2024,06,22,10,00,00,415.55015
2024,06,22,11,00,00,415.49405
2024,06,22,12,00,00,415.8177
2024,06,22,13,00,00,415.49635
2024,06,22,14,00,00,415.32715
2024,06,22,15,00,00,416.0085
2024,06,22,16,00,00,414.9973
2024,06,22,17,00,00,415.02195
2024,06,22,18,00,00,415.6562
2024,06,22,19,00,00,415.49115
2024,06,22,20,00,00,415.531
2024,06,22,21,00,00,416.16885
2024,06,22,22,00,00,415.89415
2024,06,22,23,00,00,417.8627
2024,06,23,00,00,00,417.5904
2024,06,23,01,00,00,416.9583
2024,06,23,02,00,00,416.87905
2024,06,23,03,00,00,418.68495
2024,06,23,04,00,00,421.7023
2024,06,23,05,00,00,424.361
2024,06,23,06,00,00,423.54205
2024,06,23,07,00,00,418.774
2024,06,23,08,00,00,413.9334
2024,06,23,09,00,00,413.8176
2024,06,23,10,00,00,413.9489
2024,06,23,11,00,00,414.23815
2024,06,23,12,00,00,414.1164
2024,06,23,13,00,00,414.65215
2024,06,23,14,00,00,414.8597
2024,06,23,15,00,00,414.4378
2024,06,23,16,00,00,415.4044
2024,06,23,17,00,00,414.44055
2024,06,23,18,00,00,414.7379
2024,06,23,19,00,00,414.97995
2024,06,23,20,00,00,415.13285
2024,06,23,21,00,00,417.3881
2024,06,23,22,00,00,416.18535
2024,06,23,23,00,00,416.9562
2024,06,24,00,00,00,417.8442
2024,06,24,01,00,00,417.62945
2024,06,24,02,00,00,416.0344
2024,06,24,03,00,00,415.42375
2024,06,24,04,00,00,415.33685
2024,06,24,05,00,00,426.7355
2024,06,24,06,00,00,426.58635
2024,06,24,07,00,00,422.01735
2024,06,24,08,00,00,415.7483
2024,06,24,09,00,00,415.97155
2024,06,24,10,00,00,415.35265
2024,06,24,11,00,00,412.99975
2024,06,24,12,00,00,411.1259
2024,06,24,13,00,00,410.07645
2024,06,24,14,00,00,410.55295
2024,06,24,15,00,00,411.7184
2024,06,24,16,00,00,412.8907
2024,06,24,17,00,00,412.5595
2024,06,24,18,00,00,412.3872
2024,06,24,19,00,00,413.9406
2024,06,24,20,00,00,416.8907
2024,06,24,21,00,00,418.08765
2024,06,24,22,00,00,419.13195
2024,06,24,23,00,00,421.01085
2024,06,25,00,00,00,NaN
2024,06,25,01,00,00,NaN
2024,06,25,02,00,00,NaN
2024,06,25,03,00,00,NaN
2024,06,25,04,00,00,NaN
2024,06,25,05,00,00,427.7936
2024,06,25,06,00,00,423.3694
2024,06,25,07,00,00,418.78545
2024,06,25,08,00,00,415.6025
2024,06,25,09,00,00,414.95065
2024,06,25,10,00,00,413.9658
2024,06,25,11,00,00,413.4205
2024,06,25,12,00,00,412.72265
2024,06,25,13,00,00,412.73765
2024,06,25,14,00,00,413.8647
2024,06,25,15,00,00,413.9185
2024,06,25,16,00,00,414.7914
2024,06,25,17,00,00,417.223
2024,06,25,18,00,00,418.0952
2024,06,25,19,00,00,416.5524
2024,06,25,20,00,00,417.08395
2024,06,25,21,00,00,417.5026
2024,06,25,22,00,00,417.25635
2024,06,25,23,00,00,416.54635
2024,06,26,00,00,00,420.0157
2024,06,26,01,00,00,423.5032
2024,06,26,02,00,00,423.91865
2024,06,26,03,00,00,426.44055
2024,06,26,04,00,00,427.89935
2024,06,26,05,00,00,427.90315
2024,06,26,06,00,00,424.051
2024,06,26,07,00,00,421.826
2024,06,26,08,00,00,416.0009
2024,06,26,09,00,00,414.34175
2024,06,26,10,00,00,413.50605
2024,06,26,11,00,00,413.14715
2024,06,26,12,00,00,413.1589
2024,06,26,13,00,00,412.9196
2024,06,26,14,00,00,411.97935
2024,06,26,15,00,00,411.3182
2024,06,26,16,00,00,411.0761
2024,06,26,17,00,00,410.737
2024,06,26,18,00,00,411.15045
2024,06,26,19,00,00,412.27475
2024,06,26,20,00,00,413.92985
2024,06,26,21,00,00,416.92125
2024,06,26,22,00,00,418.1574
2024,06,26,23,00,00,417.9969
2024,06,27,00,00,00,420.6009
2024,06,27,01,00,00,420.3105
2024,06,27,02,00,00,418.99215
2024,06,27,03,00,00,418.3152
2024,06,27,04,00,00,424.38475
2024,06,27,05,00,00,427.76025
2024,06,27,06,00,00,430.97905
2024,06,27,07,00,00,421.3987
2024,06,27,08,00,00,417.382
2024,06,27,09,00,00,416.20455
2024,06,27,10,00,00,414.3485
2024,06,27,11,00,00,414.0425
2024,06,27,12,00,00,413.6749
2024,06,27,13,00,00,414.01475
2024,06,27,14,00,00,414.62455
2024,06,27,15,00,00,415.11905
2024,06,27,16,00,00,415.7097
2024,06,27,17,00,00,415.3822
2024,06,27,18,00,00,414.7646
2024,06,27,19,00,00,414.396
2024,06,27,20,00,00,413.23165
2024,06,27,21,00,00,412.74175
2024,06,27,22,00,00,413.65675
2024,06,27,23,00,00,416.2865
2024,06,28,00,00,00,418.2466
2024,06,28,01,00,00,417.31805
2024,06,28,02,00,00,418.3325
2024,06,28,03,00,00,419.20915
2024,06,28,04,00,00,417.77225
2024,06,28,05,00,00,421.12455
2024,06,28,06,00,00,425.28495
2024,06,28,07,00,00,414.92045
2024,06,28,08,00,00,412.5446
2024,06,28,09,00,00,412.02875
2024,06,28,10,00,00,410.9177
2024,06,28,11,00,00,410.64225
2024,06,28,12,00,00,411.6646
2024,06,28,13,00,00,413.2673
2024,06,28,14,00,00,413.9612
2024,06,28,15,00,00,412.75295
2024,06,28,16,00,00,411.4392
2024,06,28,17,00,00,411.0528
2024,06,28,18,00,00,412.209
2024,06,28,19,00,00,413.6258
2024,06,28,20,00,00,415.08845
2024,06,28,21,00,00,416.66455
2024,06,28,22,00,00,417.71195
2024,06,28,23,00,00,418.43095
