Year,Month,Day,Hour,Minute,Second,HYY_META.PAR
2024,07,18,00,00,00,-0.078
2024,07,18,01,00,00,-0.07812
2024,07,18,02,00,00,0.31751
2024,07,18,03,00,00,5.04033
2024,07,18,04,00,00,43.53475
2024,07,18,05,00,00,87.09026
2024,07,18,06,00,00,160.11559
2024,07,18,07,00,00,325.85297
2024,07,18,08,00,00,351.93481
2024,07,18,09,00,00,430.60109
2024,07,18,10,00,00,532.12858
2024,07,18,11,00,00,984.37642
2024,07,18,12,00,00,934.28037
2024,07,18,13,00,00,1201.02265
2024,07,18,14,00,00,783.42771
2024,07,18,15,00,00,234.89275
2024,07,18,16,00,00,653.42158
2024,07,18,17,00,00,212.65662
2024,07,18,18,00,00,168.13061
2024,07,18,19,00,00,121.45313
2024,07,18,20,00,00,32.92409
2024,07,18,21,00,00,8.70073
2024,07,18,22,00,00,0.43776
2024,07,18,23,00,00,-0.07812
2024,07,19,00,00,00,-0.07814
2024,07,19,01,00,00,-0.07824
2024,07,19,02,00,00,0.34118
2024,07,19,03,00,00,8.88727
2024,07,19,04,00,00,46.97685
2024,07,19,05,00,00,86.08266
2024,07,19,06,00,00,157.20482
2024,07,19,07,00,00,243.67725
2024,07,19,08,00,00,532.09821
2024,07,19,09,00,00,627.91515
2024,07,19,10,00,00,552.7313
2024,07,19,11,00,00,442.50263
2024,07,19,12,00,00,1090.50544
2024,07,19,13,00,00,1118.04228
2024,07,19,14,00,00,496.93879
2024,07,19,15,00,00,597.4726
2024,07,19,16,00,00,711.27291
2024,07,19,17,00,00,334.62382
2024,07,19,18,00,00,172.42429
2024,07,19,19,00,00,186.22674
2024,07,19,20,00,00,82.23569
2024,07,19,21,00,00,18.817
2024,07,19,22,00,00,0.56778
2024,07,19,23,00,00,-0.07832
2024,07,20,00,00,00,-0.07873
2024,07,20,01,00,00,-0.078
2024,07,20,02,00,00,0.35709
2024,07,20,03,00,00,9.4491
2024,07,20,04,00,00,38.80279
2024,07,20,05,00,00,107.53296
2024,07,20,06,00,00,208.19397
2024,07,20,07,00,00,415.41985
2024,07,20,08,00,00,584.623
2024,07,20,09,00,00,977.7944
2024,07,20,10,00,00,1009.80614
2024,07,20,11,00,00,1358.02889
2024,07,20,12,00,00,925.76659
2024,07,20,13,00,00,1117.59656
2024,07,20,14,00,00,834.74801
2024,07,20,15,00,00,996.5918
2024,07,20,16,00,00,344.71093
2024,07,20,17,00,00,75.63245
2024,07,20,18,00,00,376.28371
2024,07,20,19,00,00,278.20595
2024,07,20,20,00,00,65.15073
2024,07,20,21,00,00,13.93347
2024,07,20,22,00,00,0.48652
2024,07,20,23,00,00,-0.078
2024,07,21,00,00,00,-0.07826
2024,07,21,01,00,00,-0.078
2024,07,21,02,00,00,0.71251
2024,07,21,03,00,00,16.33607
2024,07,21,04,00,00,59.16953
2024,07,21,05,00,00,97.17448
2024,07,21,06,00,00,169.60301
2024,07,21,07,00,00,234.51116
2024,07,21,08,00,00,392.56976
2024,07,21,09,00,00,499.68251
2024,07,21,10,00,00,450.24993
2024,07,21,11,00,00,543.76463
2024,07,21,12,00,00,649.60335
2024,07,21,13,00,00,1001.39171
2024,07,21,14,00,00,979.13151
2024,07,21,15,00,00,943.76993
2024,07,21,16,00,00,824.51687
2024,07,21,17,00,00,403.9063
2024,07,21,18,00,00,275.59265
2024,07,21,19,00,00,274.28477
2024,07,21,20,00,00,72.92389
2024,07,21,21,00,00,14.94706
2024,07,21,22,00,00,0.46922
2024,07,21,23,00,00,-0.07824
2024,07,22,00,00,00,-0.078
2024,07,22,01,00,00,-0.07818
2024,07,22,02,00,00,0.62991
2024,07,22,03,00,00,16.13858
2024,07,22,04,00,00,85.26452
2024,07,22,05,00,00,255.37234
2024,07,22,06,00,00,475.43026
2024,07,22,07,00,00,721.53695
2024,07,22,08,00,00,960.51066
2024,07,22,09,00,00,1175.76658
2024,07,22,10,00,00,1029.08746
2024,07,22,11,00,00,1067.80927
2024,07,22,12,00,00,1451.86184
2024,07,22,13,00,00,1431.43109
2024,07,22,14,00,00,1427.53267
2024,07,22,15,00,00,1169.28016
2024,07,22,16,00,00,965.29467
2024,07,22,17,00,00,732.26387
2024,07,22,18,00,00,484.02694
2024,07,22,19,00,00,264.11516
2024,07,22,20,00,00,88.22952
2024,07,22,21,00,00,12.98688
2024,07,22,22,00,00,0.39901
2024,07,22,23,00,00,-0.07835
